NFSMFK26V77Y723Y 28 11 2023 315.08
HRNTZV39Y56X303E 8 8 2023 672.44
HRNTZV39Y56X303E 3 2 2023 428.17
KYUHSV47B77H163E 31 8 2023 564.52
AQANST57H48Z446C 5 7 2023 920.04
NFSMFK26V77Y723Y 28 9 2023 383.97
KYUHSV47B77H163E 3 3 2023 222.51
NFSMFK26V77Y723Y 13 8 2023 40.08
KYUHSV47B77H163E 28 7 2023 332.37
HRNTZV39Y56X303E 2 5 2023 867.26
HRNTZV39Y56X303E 29 10 2023 809.83
AQANST57H48Z446C 7 2 2023 297.88
NFSMFK26V77Y723Y 8 7 2023 171.50
NFSMFK26V77Y723Y 27 9 2023 447.67
KYUHSV47B77H163E 10 3 2023 599.06
HRNTZV39Y56X303E 25 10 2023 457.76
AQANST57H48Z446C 17 6 2023 676.55
HRNTZV39Y56X303E 25 6 2023 385.39
KYUHSV47B77H163E 29 10 2023 946.50
KYUHSV47B77H163E 4 9 2023 845.32
NFSMFK26V77Y723Y 3 1 2023 99.91
AQANST57H48Z446C 20 1 2023 986.75
KYUHSV47B77H163E 11 8 2023 332.27
AQANST57H48Z446C 3 1 2023 73.68
KYUHSV47B77H163E 20 7 2023 691.79
NFSMFK26V77Y723Y 15 11 2023 318.18
NFSMFK26V77Y723Y 5 10 2023 304.85
HRNTZV39Y56X303E 27 1 2023 100.53
HRNTZV39Y56X303E 27 9 2023 379.19
HRNTZV39Y56X303E 5 6 2023 818.50
